<?xml version="1.0"?>
<opencv_storage>
<camera_mat_L type_id="opencv-matrix">
  <rows>3</rows>
  <cols>3</cols>
  <dt>d</dt>
  <data>
    5.3052773142114029e+02 0. 3.3883712772128558e+02 0.
    5.3058832968786805e+02 2.3153901189258124e+02 0. 0. 1.</data></camera_mat_L>
<camera_mat_R type_id="opencv-matrix">
  <rows>3</rows>
  <cols>3</cols>
  <dt>d</dt>
  <data>
    5.3593826469539681e+02 0. 3.2442523190369354e+02 0.
    5.3572591648296429e+02 2.4917833652151646e+02 0. 0. 1.</data></camera_mat_R>
<dist_coefficients_mat_L type_id="opencv-matrix">
  <rows>1</rows>
  <cols>5</cols>
  <dt>d</dt>
  <data>
    -2.5814069166030756e-01 -1.1124480244340579e-01
    4.6302589148249074e-04 -9.4756055678001463e-04
    4.1364679197833915e-01</data></dist_coefficients_mat_L>
<dist_coefficients_mat_R type_id="opencv-matrix">
  <rows>1</rows>
  <cols>5</cols>
  <dt>d</dt>
  <data>
    -2.9742808618851085e-01 1.4977894750910567e-01
    -9.8230114023181323e-04 -6.3424619588917271e-04
    -7.1807506702278923e-02</data></dist_coefficients_mat_R>
<R type_id="opencv-matrix">
  <rows>3</rows>
  <cols>3</cols>
  <dt>d</dt>
  <data>
    9.9998915224824003e-01 3.7421908499470019e-03 2.7733361658369331e-03
    -3.7083409753988243e-03 9.9991977396348508e-01
    -1.2111723412590855e-02 -2.8184380526001035e-03
    1.2101307551479562e-02 9.9992280440166392e-01</data></R>
<T type_id="opencv-matrix">
  <rows>3</rows>
  <cols>1</cols>
  <dt>d</dt>
  <data>
    -3.3263860737000506e+01 4.1038481968234591e-01
    5.3842734372681811e-01</data></T>
<E type_id="opencv-matrix">
  <rows>3</rows>
  <cols>3</cols>
  <dt>d</dt>
  <data>
    8.4002798901515116e-04 -5.3341795491764510e-01
    4.1687442284563769e-01 4.4466937212309987e-01 4.0455110700708452e-01
    3.3262786153392980e+01 -2.8702663015871688e-01
    -3.3262727847611565e+01 4.0174454581915520e-01</data></E>
<F type_id="opencv-matrix">
  <rows>3</rows>
  <cols>3</cols>
  <dt>d</dt>
  <data>
    -5.3745917356731614e-09 3.4124771338499174e-06
    -2.2033285694778408e-03 -2.8461713969199718e-06
    -2.5890928364769759e-06 -1.1138725668471311e-01
    1.6951599649159578e-03 1.1358265789487897e-01 1.</data></F>
<R1 type_id="opencv-matrix">
  <rows>3</rows>
  <cols>3</cols>
  <dt>d</dt>
  <data>
    9.9987346519696563e-01 -8.7881356133916230e-03
    -1.3259798922037842e-02 8.7076244842611509e-03
    9.9994337582099546e-01 -6.1173873142668913e-03
    1.3312808526127522e-02 6.0011519021180761e-03 9.9989337196772854e-01</data></R1>
<R2 type_id="opencv-matrix">
  <rows>3</rows>
  <cols>3</cols>
  <dt>d</dt>
  <data>
    9.9979295805724100e-01 -1.2334703300258654e-02
    -1.6183204677885948e-02 1.2432543406097835e-02
    9.9990495558969861e-01 5.9591653457944007e-03 1.6108162018282982e-02
    -6.1591299432315711e-03 9.9985128505930077e-01</data></R2>
<T1 type_id="opencv-matrix">
  <rows>3</rows>
  <cols>4</cols>
  <dt>d</dt>
  <data>
    4.4689598997393938e+02 0. 3.3980331420898438e+02 0. 0.
    4.4689598997393938e+02 2.4184323310852051e+02 0. 0. 0. 1. 0.</data></T1>
<T2 type_id="opencv-matrix">
  <rows>3</rows>
  <cols>4</cols>
  <dt>d</dt>
  <data>
    4.4689598997393938e+02 0. 3.3980331420898438e+02
    -1.4868564390874619e+04 0. 4.4689598997393938e+02
    2.4184323310852051e+02 0. 0. 0. 1. 0.</data></T2>
<Q type_id="opencv-matrix">
  <rows>4</rows>
  <cols>4</cols>
  <dt>d</dt>
  <data>
    1. 0. 0. -3.3980331420898438e+02 0. 1. 0. -2.4184323310852051e+02 0.
    0. 0. 4.4689598997393938e+02 0. 0. 3.0056431692101745e-02 0.</data></Q>
<image_size>
  640 480</image_size>
</opencv_storage>
